A  0
434,435,439,447,444,438,434,423,414,414,416,428,432,442,441,441,435,436,447,472,499,528,547,560,557,551,548,543,549,556,561,566,563,559,550,543,537,539,542,548,551,551,537,513,483,452,425,405,400,406,422,443,465,482,494,498,503,506,506,512,518,523,531,531,527,516,505,495,494,492,505,514,526,537,541,537,530,517,502,487,482,488,506,530,555,574,585,579,567,553,543,539,547,548,554,552,545,529,506,474,446,419,401,397,405,421,443,465,492,501,509,510,506,501,492,486,479,468,455,438,420,410,397,400,414,432,456,477,492,505,520,528,547,565,581,592,594,587,578,563,554,547,542,539,535,527,520,514,502,493,486,476,469,465,464,469,478,494,511,524,541,554,557,554,544,532,517,508,503,510,524,545,574,604,631,655,675,690,697,694,685,670,651,628,602,579,557,539,530,520,515,507,497,486,464,441,422,402,389,384,382,386,384,391,390,393,401,415,434,455,475,487,494,499,500,504,509,516,523,528,531,532,529,528,525,523,518,510,499,489,477,466,458,451,447,450,447,455,464,478,493,512,530,545,554,558,556,553,550,554,557,567,580,588,592,601
B  0
500,494,492,492,494,496,496,494,488,480,466,452,440,431,431,437,446,461,473,486,494,499,505,505,506,508,508,504,498,491,482,477,470,470,470,471,474,464,456,442,426,416,408,414,416,428,444,460,475,488,496,506,511,515,518,521,524,531,538,540,544,554,550,552,551,552,552,554,558,554,555,548,542,539,537,541,548,554,564,572,579,586,589,594,595,597,598,597,596,595,596,601,610,618,625,634,639,643,640,636,624,610,594,574,556,540,524,522,518,520,526,524,522,520,510,502,496,485,476,468,456,441,428,416,404,402,401,408,418,432,444,451,457,465,474,484,494,498,499,492,480,462,445,428,414,402,396,395,392,393,397,408,422,432,452,471,488,502,512,523,538,547,560,569,576,580,566,552,532,510,488,469,455,445,436,432,429,425,424,420,421,420,424,428,433,439,441,441,444,446,451,459,472,486,500,512,524,536,550,564,576,592,600,607,606,604,601,595,594,596,594,593,588,579,568,556,547,542,540,536,540,536,534,533,525,519,509,499,490,484,477,478,478,482,487,492,503,515,528,540,557,564,572,581,583,584,584,583,576,568,558,545,533,523,519,522
A  256
601,596,600,601,603,604,612,620,628,634,639,642,648,656,662,663,657,644,623,597,566,533,497,469,441,421,403,398,398,409,426,439,450,457,461,468,477,496,508,529,537,539,538,521,512,505,504,504,507,507,501,486,470,453,438,429,425,429,434,441,450,458,465,468,471,475,477,477,481,481,487,489,490,486,480,472,466,462,466,470,478,491,501,511,513,508,497,479,457,438,420,407,400,399,412,429,447,471,489,503,506,505,492,479,468,459,459,471,493,524,559,596,619,635,641,642,643,645,655,672,703,739,787,843,903,969,1023,1023,1023,1023,1023,1023,1023,1023,1023,1023,1023,1023,1023,1023,1023,981,925,867,807,751,700,657,625,597,576,562,543,520,493,451,414,368,320,281,247,221,202,186,174,157,141,124,103,88,72,58,53,46,43,41,40,37,37,42,51,63,78,94,109,122,134,143,149,156,157,164,174,186,201,220,237,253,262,269,277,281,286,289,295,298,309,318,330,344,359,379,395,414,431,449,457,466,467,469,466,463,460,457,456,457,459,461,464,465,467,473,478,484,485,491,496,506,517,531,537,543,546,547,548,549,552,558,563,567,571,575,583,595,607,622
B  256
530,544,560,577,589,608,627,644,656,672,677,678,669,656,635,614,596,579,564,552,540,529,521,514,506,504,499,493,489,486,480,480,481,485,492,498,504,508,508,504,506,493,492,495,500,504,510,514,516,513,504,493,484,473,462,458,449,448,448,449,453,461,470,477,486,494,499,504,510,512,516,520,530,534,538,541,541,536,525,516,506,498,488,481,480,470,466,458,452,444,442,440,440,448,445,446,444,440,434,427,427,434,440,450,462,477,490,498,508,516,524,531,532,533,537,544,554,574,600,633,674,724,777,834,892,944,987,1023,1023,1023,1023,1023,1023,1023,1000,960,916,876,826,780,736,687,642,600,561,532,506,490,484,480,488,498,508,522,529,530,527,516,500,482,464,443,422,404,382,363,344,325,314,305,303,306,312,318,322,325,328,330,332,336,340,346,355,356,358,358,355,349,346,341,338,337,336,332,334,330,331,333,340,346,352,356,359,360,356,349,340,330,322,317,314,322,333,349,368,394,408,428,439,448,450,454,456,460,464,469,473,474,473,469,459,449,436,428,419,416,419,426,438,450,459,465,468,470,471,472,474,477,478,477,469,464,458,454,447,445
A  512
628,639,646,654,661,671,683,689,698,701,702,698,691,681,668,659,644,633,626,617,611,610,606,606,603,599,595,585,584,569,566,563,562,565,566,565,566,569,573,577,579,581,571,563,550,537,532,531,533,537,539,540,539,534,528,521,513,510,509,513,522,533,547,555,556,550,538,519,497,477,459,445,438,435,439,443,446,447,447,446,442,441,444,447,450,445,443,436,431,429,424,423,422,426,428,431,438,446,453,458,461,462,461,457,455,453,453,459,469,482,497,515,533,553,571,591,605,615,623,623,621,616,610,601,592,581,569,555,545,535,528,526,528,537,542,549,559,567,572,574,571,566,561,555,551,551,558,561,572,575,578,573,573,574,581,599,618,646,663,674,671,656,631,598,560,527,495,475,459,453,450,456,458,464,473,485,502,525,553,583,614,643,670,681,691,693,687,676,655,638,612,583,562,532,511,496,484,465,449,427,402,377,349,319,300,286,281,284,304,325,355,390,421,450,476,499,517,536,553,569,583,592,598,596,592,585,577,571,564,567,576,578,583,587,585,581,575,569,567,575,584,591,591,583,565,545,525,510,505,507,518,529,541,554,555,551
B  512
456,469,494,521,554,577,602,620,632,636,634,630,622,608,601,592,582,570,558,544,527,509,496,485,481,483,487,505,522,538,549,561,568,572,574,577,575,576,576,572,568,565,558,550,539,530,512,501,493,486,493,496,502,505,502,498,488,480,468,462,460,464,475,491,499,510,517,521,521,514,508,498,489,480,469,466,462,460,464,468,476,491,498,506,511,514,518,512,514,518,521,525,529,531,528,522,513,500,488,478,466,458,456,456,461,473,494,511,535,556,580,600,616,630,641,648,650,648,642,630,616,595,573,556,542,530,526,533,544,561,582,596,616,628,638,644,648,646,648,640,631,622,606,592,577,568,559,557,557,559,562,568,562,566,568,569,571,570,565,557,546,536,522,508,496,478,456,437,423,408,404,407,417,431,448,466,484,499,514,529,544,560,573,590,610,621,638,654,663,672,674,668,656,642,621,602,576,549,518,484,449,416,380,349,323,308,302,305,319,344,370,396,427,452,478,497,517,535,554,569,585,596,604,608,606,601,595,586,584,572,570,570,574,576,580,582,585,584,584,585,584,584,580,578,572,569,566,560,556,556,553,552,551,548,544,536
A  768
539,528,510,490,473,461,456,447,447,451,461,471,479,493,501,512,520,523,524,524,516,510,497,485,468,451,435,422,404,402,397,407,422,453,486,510,535,546,555,558,555,550,548,548,548,555,553,558,559,558,554,541,525,511,492,476,453,432,405,381,362,344,333,333,334,342,353,364,372,381,379,376,365,358,351,350,351,360,370,384,400,420,440,466,491,520,549,578,603,630,652,675,693,715,734,745,754,759,760,759,757,753,757,760,764,767,771,765,755,742,722,708,691,674,662,654,650,650,651,655,657,661,660,665,668,669,676,675,674,671,659,650,628,606,582,556,532,508,491,477,471,472,476,483,491,495,496,490,478,464,450,427,410,389,381,370,355,339,319,298,274,255,239,238,246,259,281,304,328,357,385,417,449,480,507,526,534,538,535,531,528,530,534,537,540,540,539,538,531,530,527,526,528,528,527,527,524,520,506,497,486,476,471,463,460,460,460,464,464,465,468,468,468,470,471,473,479,487,499,513,526,537,543,543,540,528,511,495,475,455,437,423,414,411,412,417,422,427,431,436,440,443,447,451,455,461,469,482,498,509,522,533,545,553,560,567
B  768
532,523,514,506,496,486,478,468,460,454,452,450,452,453,462,461,464,468,465,467,464,458,453,448,446,443,444,447,449,452,450,448,446,448,445,454,466,480,489,499,507,511,522,530,537,546,556,561,568,568,564,552,540,516,490,458,427,396,362,336,318,309,307,314,324,340,356,371,384,389,394,396,389,384,382,380,384,388,397,406,418,430,448,468,494,527,563,606,650,684,716,739,752,753,748,740,736,726,724,725,732,738,750,756,761,760,762,760,754,744,740,733,725,721,714,704,689,676,664,648,640,632,626,624,620,620,623,621,622,618,612,603,591,581,573,562,553,540,530,520,512,500,492,488,481,472,470,462,453,446,436,429,416,404,398,388,378,365,351,335,315,297,285,278,277,284,295,311,332,358,386,420,452,486,524,559,588,611,628,636,638,632,618,598,572,547,520,500,484,468,464,460,464,466,472,470,472,469,467,464,462,456,448,441,429,417,407,401,400,402,408,419,429,440,448,457,470,484,500,518,537,555,568,580,585,585,579,560,532,505,470,427,389,359,334,320,314,318,327,337,359,381,403,427,448,469,486,501,516,528,541,552,562,574,578,584
A  1024
570,570,564,558,549,543,535,530,528,533,541,553,565,588,607,626,644,663,683,707,728,751,767,777,778,774,758,739,717,693,671,647,630,606,588,573,555,538,515,483,458,418,380,331,283,234,187,144,107,80,61,53,57,67,88,116,151,195,237,286,333,379,420,463,501,540,565,593,614,638,655,673,689,702,709,713,713,711,709,707,705,703,705,705,707,710,710,710,703,695,686,672,656,638,612,591,568,544,522,501,487,473,464,462,470,482,497,510,518,520,511,496,478,458,441,431,424,417,415,410,404,393,382,370,361,357,360,376,397,426,459,490,521,543,559,573,583,591,596,602,610,618,632,647,665,669,677,682,685,690,702,714,722,732,733,727,716,697,674,650,626,600,576,551,526,501,476,454,433,417,406,398,396,397,406,420,439,464,487,508,527,541,550,561,562,565,565,563,558,551,538,524,506,492,478,465,455,448,445,443,446,442,442,441,436,431,427,422,423,425,431,435,441,444,446,446,445,441,436,430,426,419,419,423,433,451,469,486,499,507,508,510,504,501,498,500,503,507,511,512,513,511,507,505,505,512,518,529,539,546,547,542,532,519,507,492
B  1024
586,586,584,578,572,568,568,568,570,574,579,590,600,613,628,644,664,684,706,728,748,765,780,786,788,781,768,750,732,712,693,680,665,656,646,634,616,599,577,547,509,469,416,361,301,244,188,143,106,79,63,57,65,83,113,150,198,246,298,347,393,436,477,514,549,579,608,628,645,653,664,665,664,658,653,650,638,632,628,624,619,619,616,616,620,628,637,652,664,680,691,700,696,692,680,666,648,628,608,585,565,549,538,529,526,528,524,519,511,500,484,468,449,435,421,410,404,402,392,388,380,366,352,332,316,304,305,316,337,370,408,448,486,518,546,569,588,604,618,632,645,658,668,675,676,674,668,657,649,642,643,645,650,657,664,664,662,652,641,623,606,586,564,541,524,498,480,469,462,462,462,467,475,482,492,500,508,516,521,522,522,520,514,508,500,496,490,488,482,478,472,467,461,455,450,444,437,432,427,424,423,424,424,432,425,422,417,413,408,405,410,416,424,435,448,458,468,478,487,504,516,532,546,560,569,572,568,565,554,544,529,516,504,495,490,492,499,505,512,518,523,524,524,528,532,537,538,538,529,519,502,485,466,452,442,436
